36
35
39
40
19
18
17
16
15
14
13
12
49
36
40
41
11
10
9
8
7
6
5
4
0
1
2
3
22
11
8
24
25
9
10
26
26
10
11
22
24
8
9
25
50
14
15
33
32
31
12
13
31
33
15
12
32
13
14
50
34
49
41
38
35
34
38
39
43
1
0
42
2
1
43
44
3
2
44
45
42
0
3
45
46
16
17
47
37
18
19
48
47
17
18
37
48
19
16
46
21
27
30
20
30
27
32
50
28
24
21
27
30
20
25
29
21
5
6
51
20
4
5
21
23
7
4
20
51
6
7
23
48
36
49
37
46
35
36
48
47
37
49
34
46
47
42
45
43
42
47
34
43
34
35
44
44
35
46
45
22
24
21
51
22
51
23
26
26
23
20
25
31
39
38
28
27
41
38
28
29
33
31
28
30
29
33
50
24
25
29
28
40
32
27
41
32
40
39
31
56
57
55
54
52
53
57
56
62
63
61
60
58
59
63
62
68
69
67
66
64
65
69
68
74
75
73
72
70
71
75
74
80
81
79
78
76
77
81
80
86
87
85
84
82
83
87
86
92
93
91
90
88
89
93
92
98
99
97
96
94
95
99
98
104
105
103
102
100
101
105
104
110
111
109
108
106
107
111
110
116
117
115
114
112
113
117
116
122
123
121
120
118
119
123
122
128
129
127
126
124
125
129
128
134
135
133
132
130
131
135
134
140
141
139
138
136
137
141
140
146
147
145
144
142
143
147
146
152
153
151
150
148
149
153
152
158
159
157
156
154
155
159
158
164
165
163
162
160
161
165
164
170
171
169
168
166
167
171
170
176
177
175
174
172
173
177
176
182
183
181
180
178
179
183
182
188
189
187
186
184
185
189
188
194
195
193
192
190
191
195
194
200
201
199
198
196
197
201
200
206
207
205
204
202
203
207
206
212
213
211
210
208
209
213
212
218
219
217
216
214
215
219
218
224
225
223
222
220
221
225
224
230
231
229
228
226
227
231
230
