1.3881535530090332
0.5059275031089783
1.4046450853347778
0.5089393854141235
1.3798801898956299
0.7349177002906799
1.3683148622512817
0.7290264964103699
1.6883833408355713
0.6320451498031616
1.6883832216262817
0.6422133445739746
1.6787219047546387
0.6418451070785522
1.6787219047546387
0.6316768527030945
1.515082597732544
1.0049552917480469
1.5123960971832275
1.0011574029922485
1.5179600715637207
0.9975330233573914
1.520646572113037
1.0013307332992554
1.3809771537780762
0.5048372149467468
1.3881535530090332
0.5059275031089783
1.3683148622512817
0.7290264964103699
1.3544962406158447
0.731614887714386
1.693723201751709
0.6316768527030945
1.693723201751709
0.6385743618011475
1.6883833408355713
0.640740692615509
1.6883833408355713
0.6338431239128113
1.6988091468811035
0.6316768527030945
1.6988091468811035
0.6374443769454956
1.693723201751709
0.637698769569397
1.693723201751709
0.6319312453269958
1.6787219047546387
0.6497153639793396
1.6607182025909424
0.6499109864234924
1.6607182025909424
0.6318725347518921
1.6787219047546387
0.6316769123077393
1.6048765182495117
0.8246006369590759
1.6081318855285645
0.6325895190238953
1.6139378547668457
0.6316767930984497
1.6139378547668457
0.8249229192733765
1.6865973472595215
0.15594473481178284
1.5229023694992065
0.04579773545265198
1.5266224145889282
0.039815813302993774
1.6843974590301514
0.14999833703041077
1.6399285793304443
0.633427083492279
1.6399284601211548
0.8125723600387573
1.6336307525634766
0.8107243776321411
1.6362364292144775
0.6316767930984497
1.6798948049545288
0.16025295853614807
1.5206468105316162
0.04756012558937073
1.5229023694992065
0.04579773545265198
1.6865973472595215
0.15594473481178284
2.014158010482788
0.5011321902275085
2.014158010482788
0.8591679334640503
2.00846529006958
0.8578227162361145
2.0115692615509033
0.5021023750305176
1.536815881729126
0.63787442445755
1.552889108657837
0.6316767930984497
1.552889108657837
0.9047240614891052
1.5469948053359985
0.9069967269897461
1.9207117557525635
0.3666905462741852
1.904547095298767
0.3611115515232086
1.9857494831085205
0.0049554407596588135
1.991794228553772
0.006988913286477327
1.375855565071106
0.7503031492233276
1.5179600715637207
0.9975330233573914
1.5123960971832275
1.0011574029922485
1.3663204908370972
0.7623546123504639
1.552889108657837
0.650594174861908
1.5652427673339844
0.6499074101448059
1.5660679340362549
0.8926657438278198
1.5529062747955322
0.8931702971458435
1.9917943477630615
0.6259977221488953
1.9796864986419678
0.6316767930984497
1.909828782081604
0.40091267228126526
1.9228432178497314
0.39556685090065
1.991794228553772
0.46552368998527527
2.003603458404541
0.0049554407596588135
2.021700382232666
0.0051285517401993275
2.0098910331726074
0.4656968414783478
2.023104667663574
0.005244235973805189
2.0410168170928955
0.0049554407596588135
2.0396125316619873
0.48456594347953796
2.021700382232666
0.4848547875881195
1.503180742263794
0.0049554407596588135
1.5206466913223267
0.008811332285404205
1.4064602851867676
0.47322067618370056
1.3920657634735107
0.47004279494285583
2.0410168170928955
0.48241373896598816
2.0420262813568115
0.005426918622106314
2.059872627258301
0.0049554407596588135
2.059415817260742
0.48245126008987427
1.5206466913223267
0.9086235165596008
1.5270050764083862
0.6316769123077393
1.536815881729126
0.632850706577301
1.536815881729126
0.9111201167106628
1.6191937923431396
0.7999500632286072
1.6139378547668457
0.6322667002677917
1.624147653579712
0.6316767930984497
1.624147653579712
0.8002627491950989
2.00846529006958
0.5011321902275085
2.00846529006958
0.794063925743103
1.9982376098632812
0.7942273616790771
1.991794228553772
0.5027692914009094
1.3746626377105713
0.4974227249622345
1.0981159210205078
0.5423293113708496
1.095336675643921
0.5334705710411072
1.376344084739685
0.4817250967025757
1.1932756900787354
0.9373289346694946
1.3539148569107056
0.752549946308136
1.3633430004119873
0.7641077041625977
1.2029175758361816
0.9447628259658813
1.3633430004119873
0.7641077041625977
1.3539148569107056
0.752549946308136
1.375855565071106
0.7503031492233276
1.3663204908370972
0.7623546123504639
2.035341262817383
0.5555437803268433
2.035341262817383
0.8584965467453003
2.0230937004089355
0.8599274158477783
2.021700382232666
0.5584280490875244
1.5799462795257568
0.636945366859436
1.581820011138916
0.8219575881958008
1.5660679340362549
0.8202561736106873
1.5714097023010254
0.6374039053916931
1.5939902067184448
0.6386633515357971
1.5939902067184448
0.8247684240341187
1.588224172592163
0.8247209787368774
1.5825550556182861
0.6405864357948303
1.6336307525634766
0.6316768527030945
1.6336307525634766
0.7761560678482056
1.6279311180114746
0.7768217325210571
1.624147653579712
0.638862669467926
1.5969882011413574
0.6440987586975098
1.6048766374588013
0.8298577666282654
1.5991355180740356
0.8301624059677124
1.5939903259277344
0.6393337845802307
1.6406482458114624
0.7816764712333679
1.6399285793304443
0.6319829225540161
1.6457099914550781
0.6316767930984497
1.6457099914550781
0.7820967435836792
1.3746626377105713
0.4974227249622345
1.3881535530090332
0.5059275031089783
1.3809771537780762
0.5048372149467468
1.377161979675293
0.5015953779220581
1.376344084739685
0.4817250967025757
1.4046450853347778
0.5089393854141235
1.3881535530090332
0.5059275031089783
1.3746626377105713
0.4974227249622345
1.5584642887115479
0.6316768527030945
1.5660679340362549
0.647102415561676
1.5652427673339844
0.6499074101448059
1.552889108657837
0.650594174861908
2.059872627258301
0.49558258056640625
2.044066905975342
0.5011629462242126
2.0410168170928955
0.48241373896598816
2.059415817260742
0.48245126008987427
1.991794228553772
0.46552368998527527
2.0098910331726074
0.4656968414783478
2.021700143814087
0.48751360177993774
1.999403953552246
0.5011321902275085
2.0396125316619873
0.48456594347953796
2.0410168170928955
0.5226813554763794
2.0299930572509766
0.5180588960647583
2.021700382232666
0.4848547875881195
1.4064602851867676
0.47322067618370056
1.4046450853347778
0.5089393854141235
1.376344084739685
0.4817250967025757
1.3920657634735107
0.47004279494285583
1.581820011138916
0.6394243836402893
1.5845123529434204
0.6316767930984497
1.5939902067184448
0.6386633515357971
1.5825550556182861
0.6405864357948303
1.698809027671814
0.6367865800857544
1.6990550756454468
0.6362766027450562
1.701179027557373
0.6316767930984497
1.701179027557373
0.6380814909934998
1.6045645475387573
0.6399655938148499
1.5969882011413574
0.6440987586975098
1.5939903259277344
0.6393337845802307
1.6048766374588013
0.6316767930984497
1.9207117557525635
0.3666905462741852
1.9228432178497314
0.39556685090065
1.909828782081604
0.40091267228126526
1.892281174659729
0.3744271993637085
2.021700382232666
0.5584280490875244
2.0243682861328125
0.5300834774971008
2.03515362739563
0.5226813554763794
2.035341262817383
0.5555437803268433
1.8940544128417969
0.36601629853248596
1.904547095298767
0.3611115515232086
1.9207117557525635
0.3666905462741852
1.892281174659729
0.3744271993637085
1.5799462795257568
0.636945366859436
1.5714097023010254
0.6374039053916931
1.581820011138916
0.6316768527030945
1.5812969207763672
0.6345077753067017
1.6798948049545288
0.16025295853614807
1.6865973472595215
0.15594473481178284
1.8940544128417969
0.36601629853248596
1.892281174659729
0.3744271993637085
1.3683148622512817
0.7290264964103699
1.375855565071106
0.7503031492233276
1.3539148569107056
0.752549946308136
1.3544962406158447
0.731614887714386
1.6457099914550781
0.6578737497329712
1.6486287117004395
0.6366726160049438
1.6607180833816528
0.6316767930984497
1.6607180833816528
0.6577554941177368
0.5354244709014893
0.05805091932415962
0.5015937089920044
0.9808355569839478
0.14057910442352295
0.7106174826622009
0.0946158841252327
0.27897247672080994
0.9160904288291931
0.25969749689102173
0.8832242488861084
0.6951993107795715
0.5015937089920044
0.9808355569839478
0.5354244709014893
0.05805091932415962
0.5256666541099548
0.06276733428239822
0.5027958154678345
0.9805812835693359
0.13855548202991486
0.7071702480316162
0.09370198100805283
0.2767040431499481
0.9136318564414978
0.2599700689315796
0.8699004054069519
0.6974694132804871
0.5027958154678345
0.9805812835693359
0.5256666541099548
0.06276733428239822
0.5314958691596985
0.06448286026716232
0.49460917711257935
0.9775322079658508
0.14304934442043304
0.7071706652641296
0.09367125481367111
0.27587947249412537
0.9135911464691162
0.25615134835243225
0.877281129360199
0.6942263245582581
0.49460917711257935
0.9775322079658508
0.5314958691596985
0.06448286026716232
0.5263000130653381
0.05461985617876053
0.5020070672035217
0.9818516969680786
0.1370861828327179
0.7119942307472229
0.09306197613477707
0.281446635723114
0.919033408164978
0.26242494583129883
0.8778085112571716
0.6939015984535217
0.5020070672035217
0.9818516969680786
0.5263000130653381
0.05461985617876053
0.5250331163406372
0.05847950279712677
0.500092089176178
0.9800732135772705
0.1441245973110199
0.7104761600494385
0.09150801599025726
0.2771165668964386
0.9069804549217224
0.25887906551361084
0.8768501877784729
0.6935775876045227
0.500092089176178
0.9800732135772705
0.5250331163406372
0.05847950279712677
0.49622440338134766
0.9810896515846252
0.5126133561134338
0.06105230003595352
0.9140753149986267
0.2621524930000305
0.8763709664344788
0.6955234408378601
0.14060740172863007
0.7098150253295898
0.08836937695741653
0.2771165370941162
0.5126133561134338
0.06105230003595352
0.49622440338134766
0.9810896515846252
0.507452130317688
0.9807085990905762
0.5295954346656799
0.06469710916280746
0.9173808097839355
0.2513774037361145
0.8743578791618347
0.6924424171447754
0.13691669702529907
0.7110190987586975
0.09275741875171661
0.27474525570869446
0.5295954346656799
0.06469710916280746
0.507452130317688
0.9807085990905762
0.5256666541099548
0.06426829844713211
0.5016316771507263
0.9768968820571899
0.13855546712875366
0.7096497416496277
0.09936993569135666
0.2757761478424072
0.9198801517486572
0.2609249949455261
0.8728720545768738
0.6960100531578064
0.5016316771507263
0.9768968820571899
0.5256666541099548
0.06426829844713211
0.5012937784194946
0.9791837930679321
0.5270609259605408
0.0518331304192543
0.9220167398452759
0.2535596489906311
0.8754123449325562
0.6969830393791199
0.1341358721256256
0.7114779949188232
0.09153854846954346
0.2763948142528534
0.5270609259605408
0.0518331304192543
0.5012937784194946
0.9791837930679321
0.5263002514839172
0.06555432826280594
0.49851474165916443
0.9822328686714172
0.14024010300636292
0.7133138179779053
0.09306202083826065
0.27598223090171814
0.9165341258049011
0.25519615411758423
0.8807801604270935
0.6924421191215515
0.49851474165916443
0.9822328686714172
0.5263002514839172
0.06555432826280594
0.5020447969436646
0.9802002906799316
0.5302925705909729
0.06812744587659836
0.9128256440162659
0.25737881660461426
0.8748851418495178
0.6930911540985107
0.14078281819820404
0.7098715901374817
0.09214802086353302
0.27763208746910095
0.5302925705909729
0.06812744587659836
0.5020447969436646
0.9802002906799316
0.4965622127056122
0.976388692855835
0.5347909331321716
0.06426834315061569
0.9081895351409912
0.2554692327976227
0.8842309713363647
0.6888747215270996
0.13801804184913635
0.7103110551834106
0.08675404638051987
0.2807252109050751
0.5347909331321716
0.06426834315061569
0.4965622127056122
0.976388692855835
0.5023823380470276
0.9828684329986572
0.5249691605567932
0.06405404210090637
0.9156873822212219
0.25369617342948914
0.882745087146759
0.6913074254989624
0.13988393545150757
0.712453305721283
0.09620054811239243
0.278560072183609
0.5249691605567932
0.06405404210090637
0.5023823380470276
0.9828684329986572
0.5295314192771912
0.06126686558127403
0.5004295706748962
0.9771510362625122
0.1453099548816681
0.7091831564903259
0.09272662550210953
0.2755700945854187
0.9123414754867554
0.2546510100364685
0.8832242488861084
0.6885504722595215
0.5004295706748962
0.9771510362625122
0.5295314192771912
0.06126686558127403
0.4926943778991699
0.9758803248405457
0.5223715901374817
0.05912270396947861
0.9077865481376648
0.2560146152973175
0.8688938021659851
0.6947126388549805
0.13298629224300385
0.7017158269882202
0.09872983396053314
0.2753637135028839
0.5223715901374817
0.05912270396947861
0.4926943778991699
0.9758803248405457
0.5031712055206299
0.9795649647712708
0.5243358612060547
0.061909884214401245
0.9177838563919067
0.25505998730659485
0.8807802796363831
0.6935774683952332
0.1360151320695877
0.707831621170044
0.09022796899080276
0.27670416235923767
0.5243358612060547
0.061909884214401245
0.5031712055206299
0.9795649647712708
0.5035843849182129
0.9753722548484802
0.523068904876709
0.05998033285140991
0.9082301259040833
0.25110453367233276
0.8783360719680786
0.6875774264335632
0.13958141207695007
0.7050216197967529
0.09528667479753494
0.2733016908168793
0.523068904876709
0.05998033285140991
0.5035843849182129
0.9753722548484802
0.5290254354476929
0.0668410062789917
0.4989657402038574
0.9774051308631897
0.14265915751457214
0.7096496820449829
0.09342789649963379
0.2753637135028839
0.9170181751251221
0.256560355424881
0.8798698782920837
0.6934153437614441
0.4989657402038574
0.9774051308631897
0.5290254354476929
0.0668410062789917
0.5394808053970337
0.059337131679058075
0.5005053281784058
0.9790567755699158
0.13903632760047913
0.7111911773681641
0.09751120209693909
0.27629175782203674
0.9136723875999451
0.26651710271835327
0.8818350434303284
0.6948749423027039
0.5005053281784058
0.9790567755699158
0.5394808053970337
0.059337131679058075
0.5204709768295288
0.06169550120830536
0.5043730139732361
0.9804543852806091
0.14212174713611603
0.7129554152488708
0.09970525652170181
0.27288925647735596
0.9128257036209106
0.25710588693618774
0.8823142647743225
0.6908207535743713
0.5043730139732361
0.9804543852806091
0.5204709768295288
0.06169550120830536
0.49776390194892883
0.9866130948066711
0.5171756744384766
0.060307662934064865
0.9182273149490356
0.26052647829055786
0.873878538608551
0.6994028687477112
0.13517016172409058
0.7116454839706421
0.08772941678762436
0.2779494524002075
0.5171756744384766
0.060307662934064865
0.49776390194892883
0.9866130948066711
0.5023825168609619
0.9786757230758667
0.5288980007171631
0.06126682087779045
0.9094391465187073
0.25465095043182373
0.8768019080162048
0.6937398910522461
0.1425122320652008
0.7098716497421265
0.09242197871208191
0.27639493346214294
0.5288980007171631
0.06126682087779045
0.5023825168609619
0.9786757230758667
0.49934110045433044
0.9827412962913513
0.5276946425437927
0.06212426722049713
0.9049245715141296
0.25628748536109924
0.8818349242210388
0.6891989707946777
0.14271582663059235
0.7098715901374817
0.09467721730470657
0.27350789308547974
0.5276946425437927
0.06212426722049713
0.49934110045433044
0.9827412962913513
0.5250330567359924
0.06469704955816269
0.500092089176178
0.9812166094779968
0.13937537372112274
0.711018979549408
0.09150803834199905
0.2784568667411804
0.911979079246521
0.258469820022583
0.8783360123634338
0.6950370073318481
0.500092089176178
0.9812166094779968
0.5250330567359924
0.06469704955816269
0.505161702632904
0.9789296984672546
0.5218015313148499
0.060837943106889725
0.9199206233024597
0.25492367148399353
0.8758917450904846
0.6927667260169983
0.14314772188663483
0.7083274126052856
0.09940049797296524
0.273714154958725
0.5218015313148499
0.060837943106889725
0.505161702632904
0.9789296984672546
0.500129759311676
0.9821059703826904
0.5231324434280396
0.05847950279712677
0.9157685041427612
0.2556055784225464
0.8709550499916077
0.696820855140686
0.14780279994010925
0.7091256976127625
0.0924832820892334
0.27587926387786865
0.5231324434280396
0.05847950279712677
0.500129759311676
0.9821059703826904
0.5004298686981201
0.9794379472732544
0.5256025195121765
0.0668410062789917
0.9135911464691162
0.2543780505657196
0.881738543510437
0.6973074078559875
0.1460782289505005
0.7036997079849243
0.10311774164438248
0.2720644772052765
0.5256025195121765
0.0668410062789917
0.5004298686981201
0.9794379472732544
0.49772608280181885
0.9810898303985596
0.5308623909950256
0.0627676472067833
0.9131881594657898
0.25778812170028687
0.8797735571861267
0.693577766418457
0.1486184448003769
0.7157653570175171
0.09714526683092117
0.2754669189453125
0.5308623909950256
0.0627676472067833
0.49772608280181885
0.9810898303985596
0.5027957558631897
0.9854094982147217
0.5335241556167603
0.05719297006726265
0.9198801517486572
0.257515013217926
0.8758436441421509
0.6951992511749268
0.1379680037498474
0.7126827239990234
0.08614487200975418
0.2806219458580017
0.5335241556167603
0.05719297006726265
0.5027957558631897
0.9854094982147217
0.5145779252052307
0.05633561313152313
0.4997164011001587
0.9894751906394958
0.13394932448863983
0.7122238278388977
0.08648014068603516
0.27773505449295044
0.9203235507011414
0.2591518759727478
0.8837999105453491
0.692604660987854
0.4997164011001587
0.9894751906394958
0.5145779252052307
0.05633561313152313
