0.015632839873433113
-0.030014581978321075
-0.006110761780291796
-0.02467644028365612
-0.009274013340473175
-0.006110761780291796
-0.005503116175532341
0.02798932045698166
0.011176180094480515
0.03480616211891174
0.0072487518191337585
0.011176180094480515
-0.008290452882647514
-0.20015624165534973
3.0035622119903564
0.005083980038762093
-0.20573073625564575
3.0035622119903564
0.0002977270632982254
-0.21721401810646057
3.0109903812408447
-0.013076705858111382
-0.21163952350616455
3.0109903812408447
0.1002790778875351
-0.6568220257759094
3.0191421508789062
0.08667072653770447
-0.6699122786521912
3.0191421508789062
0.07550039887428284
-0.6582998633384705
3.028986930847168
0.08910875022411346
-0.6452096104621887
3.028986930847168
-0.807497501373291
0.010854028165340424
2.607469081878662
-0.7946500182151794
0.021403811872005463
2.607469081878662
-0.7866390943527222
0.011648140847682953
2.6182861328125
-0.7994865775108337
0.0010983571410179138
2.6182861328125
0.4456506669521332
-0.5909109115600586
1.56601881980896
0.43898293375968933
-0.6156185269355774
1.56601881980896
0.4260081946849823
-0.6121170520782471
1.5877976417541504
0.43267592787742615
-0.5874094367027283
1.5877976417541504
-0.10589215904474258
-0.4364997446537018
2.6002068519592285
-0.07445818185806274
-0.4313497245311737
2.596442222595215
-0.08598688989877701
-0.453835129737854
2.613579750061035
-0.09512705355882645
-0.4392852485179901
2.6136691570281982
-0.06858682632446289
-0.46518993377685547
2.5974881649017334
-0.09455358237028122
-0.47455984354019165
2.5981454849243164
-0.09108296781778336
-0.46290498971939087
2.614985466003418
-0.3418457806110382
-0.488427996635437
1.8661575317382812
-0.3567429184913635
-0.5203806161880493
1.8654165267944336
-0.3626951277256012
-0.5013084411621094
1.8836404085159302
-0.3728557825088501
-0.48277050256729126
1.8876538276672363
-0.4197084605693817
-0.4840112030506134
1.8519037961959839
-0.38467445969581604
-0.45524269342422485
1.8519037961959839
-0.3862619698047638
-0.48311173915863037
1.883621335029602
-0.23318278789520264
-0.4612233340740204
1.197893738746643
-0.25313428044319153
-0.4241449236869812
1.1993910074234009
-0.21294768154621124
-0.4348549544811249
1.2064791917800903
-0.1848122477531433
-0.44373244047164917
1.2040317058563232
-0.37239810824394226
-0.5304967164993286
1.7849940061569214
-0.39259329438209534
-0.48991143703460693
1.7849940061569214
-0.35336077213287354
-0.47038939595222473
1.7966004610061646
-0.33316558599472046
-0.510974645614624
1.7966004610061646
-0.1953384280204773
-0.44003748893737793
1.111716628074646
-0.23564772307872772
-0.41929692029953003
1.111716628074646
-0.21647439897060394
-0.3820335865020752
1.129003643989563
-0.18325366079807281
-0.3991268575191498
1.1290037631988525
-0.1599932461977005
-0.4206848442554474
1.1670327186584473
-0.17204810678958893
-0.4609444737434387
1.1655354499816895
-0.17252299189567566
-0.4345121383666992
1.201988697052002
-0.19658179581165314
-0.4427022635936737
1.2081899642944336
-0.37821123003959656
-0.48064905405044556
1.8804566860198975
-0.08632944524288177
-0.4503987729549408
2.614819288253784
