36
35
39
40
19
18
17
16
15
14
13
12
49
36
40
41
11
10
9
8
7
6
5
4
0
1
2
3
22
11
8
24
25
9
10
26
26
10
11
22
24
8
9
25
50
14
15
33
32
31
12
13
31
33
15
12
32
13
14
50
34
49
41
38
35
34
38
39
43
1
0
42
2
1
43
44
3
2
44
45
42
0
3
45
46
16
17
47
37
18
19
48
47
17
18
37
48
19
16
46
21
27
30
20
30
27
32
50
28
24
21
27
30
20
25
29
21
5
6
51
20
4
5
21
23
7
4
20
51
6
7
23
48
36
49
37
46
35
36
48
47
37
49
34
46
47
42
45
43
42
47
34
43
34
35
44
44
35
46
45
22
24
21
51
22
51
23
26
26
23
20
25
31
39
38
28
27
41
38
28
29
33
31
28
30
29
33
50
24
25
29
28
40
32
27
41
32
40
39
31
