0.015632839873433113
-0.030014581978321075
-0.006110761780291796
-0.02467644028365612
-0.009274013340473175
-0.006110761780291796
-0.005503116175532341
0.02798932045698166
0.011176180094480515
0.03480616211891174
0.0072487518191337585
0.011176180094480515
-0.008290452882647514
-0.20015624165534973
3.0035622119903564
0.005083980038762093
-0.20573073625564575
3.0035622119903564
0.0002977270632982254
-0.21721401810646057
3.0109903812408447
-0.013076705858111382
-0.21163952350616455
3.0109903812408447
0.1002790778875351
-0.6568220257759094
3.0191421508789062
0.08667072653770447
-0.6699122786521912
3.0191421508789062
0.07550039887428284
-0.6582998633384705
3.028986930847168
0.08910875022411346
-0.6452096104621887
3.028986930847168
-0.807497501373291
0.010854028165340424
2.607469081878662
-0.7946500182151794
0.021403811872005463
2.607469081878662
-0.7866390943527222
0.011648140847682953
2.6182861328125
-0.7994865775108337
0.0010983571410179138
2.6182861328125
0.4456506669521332
-0.5909109115600586
1.56601881980896
0.43898293375968933
-0.6156185269355774
1.56601881980896
0.4260081946849823
-0.6121170520782471
1.5877976417541504
0.43267592787742615
-0.5874094367027283
1.5877976417541504
-0.10589215904474258
-0.4364997446537018
2.6002068519592285
-0.07445818185806274
-0.4313497245311737
2.596442222595215
-0.08598688989877701
-0.453835129737854
2.613579750061035
-0.09512705355882645
-0.4392852485179901
2.6136691570281982
-0.06858682632446289
-0.46518993377685547
2.5974881649017334
-0.09455358237028122
-0.47455984354019165
2.5981454849243164
-0.09108296781778336
-0.46290498971939087
2.614985466003418
-0.3418457806110382
-0.488427996635437
1.8661575317382812
-0.3567429184913635
-0.5203806161880493
1.8654165267944336
-0.3626951277256012
-0.5013084411621094
1.8836404085159302
-0.3728557825088501
-0.48277050256729126
1.8876538276672363
-0.4197084605693817
-0.4840112030506134
1.8519037961959839
-0.38467445969581604
-0.45524269342422485
1.8519037961959839
-0.3862619698047638
-0.48311173915863037
1.883621335029602
-0.23318278789520264
-0.4612233340740204
1.197893738746643
-0.25313428044319153
-0.4241449236869812
1.1993910074234009
-0.21294768154621124
-0.4348549544811249
1.2064791917800903
-0.1848122477531433
-0.44373244047164917
1.2040317058563232
-0.37239810824394226
-0.5304967164993286
1.7849940061569214
-0.39259329438209534
-0.48991143703460693
1.7849940061569214
-0.35336077213287354
-0.47038939595222473
1.7966004610061646
-0.33316558599472046
-0.510974645614624
1.7966004610061646
-0.1953384280204773
-0.44003748893737793
1.111716628074646
-0.23564772307872772
-0.41929692029953003
1.111716628074646
-0.21647439897060394
-0.3820335865020752
1.129003643989563
-0.18325366079807281
-0.3991268575191498
1.1290037631988525
-0.1599932461977005
-0.4206848442554474
1.1670327186584473
-0.17204810678958893
-0.4609444737434387
1.1655354499816895
-0.17252299189567566
-0.4345121383666992
1.201988697052002
-0.19658179581165314
-0.4427022635936737
1.2081899642944336
-0.37821123003959656
-0.48064905405044556
1.8804566860198975
-0.08632944524288177
-0.4503987729549408
2.614819288253784
-0.42872875928878784
-0.5516479015350342
1.6458704471588135
-0.5215284824371338
-0.7050478458404541
1.6806151866912842
-0.33910059928894043
-0.5700721144676208
1.8039144277572632
-0.43190038204193115
-0.7234720587730408
1.8386591672897339
-0.3286837637424469
-0.4695621430873871
1.7042136192321777
-0.5319454073905945
-0.8055578470230103
1.7803159952163696
-0.048987433314323425
-0.37738797068595886
2.754826068878174
-0.13604387640953064
-0.21836376190185547
2.776803970336914
-0.15249311923980713
-0.41387832164764404
2.6088616847991943
-0.23954957723617554
-0.25485414266586304
2.6308395862579346
-0.048927560448646545
-0.49027836322784424
2.6687633991241455
-0.2396094650030136
-0.14196372032165527
2.716902256011963
0.132612407207489
-0.6187126040458679
2.827115297317505
0.24099254608154297
-0.7054542899131775
2.945775270462036
0.009197914972901344
-0.592341959476471
2.9591152667999268
0.11757803708314896
-0.6790836453437805
3.077775239944458
0.006401389837265015
-0.5539018511772156
2.822493314743042
0.24378907680511475
-0.7438943982124329
3.082397222518921
0.11932741105556488
-0.5169429779052734
3.018019676208496
0.2846245765686035
-0.4393112063407898
3.0171730518341064
0.18373119831085205
-0.655170202255249
2.917541265487671
0.3490283489227295
-0.5775384902954102
2.9166946411132812
0.053150661289691925
-0.6322600841522217
2.9682841300964355
0.4152051508426666
-0.46222132444381714
2.9664299488067627
-0.15969976782798767
-0.5679805874824524
2.7417843341827393
-0.19079159200191498
-0.6510465145111084
2.901421070098877
-0.00021014362573623657
-0.5056672692298889
2.805271863937378
-0.031301967799663544
-0.5887331962585449
2.9649085998535156
-0.061450280249118805
-0.48738622665405273
2.678518295288086
-0.1295514702796936
-0.6693275570869446
3.028174638748169
0.13559697568416595
-0.5982287526130676
2.7483417987823486
0.29911303520202637
-0.5249990224838257
2.712979555130005
0.08558555692434311
-0.4450540244579315
2.8342888355255127
0.24910157918930054
-0.3718242943286896
2.798926830291748
0.01327268872410059
-0.5652249455451965
2.812361478805542
0.37142589688301086
-0.4048280715942383
2.7349071502685547
-0.6769027709960938
-0.124029241502285
2.599175214767456
-0.6900033950805664
-0.2691333591938019
2.709282875061035
-0.8269667029380798
-0.17800354957580566
2.5101912021636963
-0.8400672674179077
-0.32310768961906433
2.6202991008758545
-0.7441377639770508
-0.06465588510036469
2.4891512393951416
-0.7728323340415955
-0.38248106837272644
2.730323076248169
-0.5964285135269165
-0.04667888581752777
2.369283676147461
-0.5160382390022278
0.110994353890419
2.3242602348327637
-0.58089679479599
-0.1039184033870697
2.196561336517334
-0.5005064606666565
0.05375482141971588
2.1515378952026367
-0.6365079283714294
-0.1691398173570633
2.309718608856201
-0.46042704582214355
0.1762157827615738
2.2111029624938965
-0.579351007938385
-0.40161919593811035
1.913197636604309
-0.7271206974983215
-0.5057786107063293
1.8874006271362305
-0.5755338668823242
-0.45059680938720703
2.0890872478485107
-0.7233035564422607
-0.554756224155426
2.0632903575897217
-0.4894954562187195
-0.36411625146865845
2.016495704650879
-0.8131591081619263
-0.5922591686248779
1.9599921703338623
-0.8336076736450195
-0.05390263348817825
2.602905511856079
-0.9955593347549438
0.026579812169075012
2.628297805786133
-0.8329229354858398
0.0022958964109420776
2.429147481918335
-0.9948747158050537
0.08277834206819534
2.4545397758483887
-0.7368777394294739
-0.07370348274707794
2.5009138584136963
-1.0916045904159546
0.10257921367883682
2.5565311908721924
-0.639461874961853
-0.18628352880477905
2.171297311782837
-0.5628490447998047
-0.2854682505130768
2.038468837738037
-0.5727769136428833
-0.3018108010292053
2.296025514602661
-0.49616408348083496
-0.40099549293518066
2.1631970405578613
-0.6517164707183838
-0.18501615524291992
2.312716007232666
-0.4839094877243042
-0.40226292610168457
2.0217783451080322
-0.5650131702423096
-0.2616134285926819
1.994983434677124
-0.696614146232605
-0.15430039167404175
2.0621819496154785
-0.571749210357666
-0.36433181166648865
2.1458280086517334
-0.7033501267433167
-0.2570187747478485
2.213026762008667
-0.4900572597980499
-0.376841276884079
2.030411720275879
-0.7783061265945435
-0.14179089665412903
2.177598476409912
-0.7542456984519958
-0.08101315051317215
2.648699998855591
-0.8628783226013184
-0.1815989911556244
2.7556204795837402
-0.8346530199050903
-0.15152648091316223
2.500669240951538
-0.9432856440544128
-0.25211232900619507
2.6075897216796875
-0.7297952771186829
-0.05640491470694542
2.511049747467041
-0.967736005783081
-0.2767205834388733
2.7452402114868164
-0.38347890973091125
-0.2673059105873108
1.975110650062561
-0.25166502594947815
-0.1815406084060669
1.882266879081726
-0.3477208912372589
-0.42127475142478943
1.8836474418640137
-0.2159070074558258
-0.33550941944122314
1.7908037900924683
-0.44405055046081543
-0.3953346014022827
1.9846361875534058
-0.15533533692359924
-0.20748071372509003
1.7812782526016235
-0.7172056436538696
-0.18165963888168335
2.1836466789245605
-0.8956096172332764
-0.1895812451839447
2.2218542098999023
-0.6793516874313354
-0.26018574833869934
2.34411883354187
-0.8577556610107422
-0.2681073546409607
2.382326364517212
-0.5920993089675903
-0.2162080556154251
2.241142988204956
-0.9828619956970215
-0.23355892300605774
2.3248300552368164
-0.3480724096298218
-0.639776349067688
1.6272635459899902
-0.3651599884033203
-0.7110028266906738
1.4599753618240356
-0.3791888952255249
-0.4730842113494873
1.5594693422317505
-0.3962765038013458
-0.5443106293678284
1.392181158065796
-0.35346075892448425
-0.5140389800071716
1.6929301023483276
-0.39088815450668335
-0.6700479984283447
1.326514482498169
-0.4708116352558136
-0.4758140742778778
1.5938074588775635
-0.6364719867706299
-0.4296931326389313
1.532325267791748
-0.39566993713378906
-0.4093286991119385
1.4412165880203247
-0.5613303184509277
-0.36320775747299194
1.3797342777252197
-0.33464598655700684
-0.4700208306312561
1.554103970527649
-0.6974959373474121
-0.36900103092193604
1.4194378852844238
-0.22913968563079834
-0.5158365964889526
1.204502820968628
-0.07563678920269012
-0.5752997994422913
1.1254360675811768
-0.13457542657852173
-0.47053131461143494
1.3540207147598267
0.018927454948425293
-0.5299944877624512
1.2749539613723755
-0.27321669459342957
-0.4577937126159668
1.3263192176818848
0.0630044937133789
-0.5880374312400818
1.153137445449829
-0.08889342844486237
-0.3930276334285736
1.0372384786605835
0.09327232837677002
-0.4040888547897339
1.0306167602539062
-0.09262967109680176
-0.3485505282878876
0.860155463218689
0.08953607082366943
-0.35961174964904785
0.8535337448120117
-0.1991797387599945
-0.36420586705207825
0.9526379108428955
0.19982239603996277
-0.3884335160255432
0.9381343126296997
-0.11626257002353668
-0.0635322779417038
0.04757991433143616
-0.2886125147342682
-0.037981994450092316
-0.007130563259124756
-0.17209786176681519
-0.06797271221876144
0.22139956057071686
-0.3444478213787079
-0.04242242872714996
0.16668909788131714
-0.041604023426771164
-0.08095905929803848
0.16705134510993958
-0.4191063940525055
-0.02499564364552498
0.04721764475107193
0.00443393737077713
-0.1048271656036377
0.12234552204608917
0.03214125335216522
-0.025064915418624878
-0.03958293795585632
-0.09388340264558792
0.039232999086380005
0.17648334801197052
-0.06617608666419983
0.11899524927139282
0.014554888010025024
-0.061215080320835114
-0.08026857674121857
0.24578815698623657
-0.000527065247297287
0.0944366604089737
-0.10888776183128357
-0.24241891503334045
-0.40608716011047363
1.0472970008850098
-0.4045732617378235
-0.4847565293312073
1.0767529010772705
-0.30770790576934814
-0.3283531367778778
0.8954901695251465
-0.46986228227615356
-0.40702253580093384
0.9249460697174072
-0.17855525016784668
-0.32039910554885864
0.9538625478744507
-0.5337259769439697
-0.49271059036254883
1.0183805227279663
-0.038804806768894196
-0.1805926263332367
0.5746008157730103
0.10992588102817535
-0.08401991426944733
0.5309723615646362
0.010158725082874298
-0.17654016613960266
0.7504891753196716
0.15888942778110504
-0.0799674540758133
0.7068607211112976
-0.10284194350242615
-0.2360428422689438
0.6885110139846802
0.2229265719652176
-0.0245172381401062
0.5929505228996277
-0.09299728274345398
-0.25946733355522156
0.6828882694244385
-0.059832412749528885
-0.40237438678741455
0.791645884513855
-0.03634847700595856
-0.3560924232006073
0.5386486053466797
-0.003183610737323761
-0.4989994764328003
0.6474062204360962
-0.08441136032342911
-0.2227269858121872
0.5460399985313416
-0.011769525706768036
-0.5357398390769958
0.7842544913291931
-0.05962972342967987
0.06941504776477814
0.1927288919687271
-0.09136077016592026
0.18422278761863708
0.33115893602371216
0.023850422352552414
-0.04568915814161301
0.30732661485671997
-0.007880626246333122
0.06911858916282654
0.44575661420822144
0.0009954775450751185
-0.05646630376577377
0.16763941943645477
-0.06850583106279373
0.19499994814395905
0.47084611654281616
-0.05140143632888794
-0.5779257416725159
1.3179786205291748
0.03864818066358566
-0.7365376949310303
1.327136516571045
0.012759357690811157
-0.5512505173683167
1.1490929126739502
0.10280897468328476
-0.709862470626831
1.1582509279251099
-0.07291517406702042
-0.4701882600784302
1.2280852794647217
0.12432271987199783
-0.8175999522209167
1.2481441497802734
-0.17538894712924957
-0.4079058766365051
2.3522720336914062
-0.16540929675102234
-0.24856965243816376
2.4409453868865967
-0.24769887328147888
-0.32292279601097107
2.207704782485962
-0.23771923780441284
-0.1635865569114685
2.2963778972625732
-0.21748341619968414
-0.4602452516555786
2.2272133827209473
-0.19562476873397827
-0.11124718189239502
2.4214367866516113
-0.09159637987613678
-0.38598954677581787
2.3649404048919678
-0.15574194490909576
-0.39606595039367676
2.1942524909973145
-0.2094772458076477
-0.515437126159668
2.4168825149536133
-0.2736228108406067
-0.5255135297775269
2.24619460105896
-0.11235978454351425
-0.4447162449359894
2.4924983978271484
-0.2528594136238098
-0.46678683161735535
2.1186363697052
-0.16918841004371643
-0.501032292842865
2.633795738220215
-0.35090696811676025
-0.5190407037734985
2.635939836502075
-0.1847696602344513
-0.3349548578262329
2.7081332206726074
-0.3664882183074951
-0.35296326875686646
2.7102770805358887
-0.06882698833942413
-0.4072756767272949
2.6696882247924805
-0.466849684715271
-0.4467198848724365
2.674384593963623
-0.25171804428100586
-0.3901916444301605
2.4593966007232666
-0.39138737320899963
-0.31820642948150635
2.3663315773010254
-0.19949857890605927
-0.48170986771583557
2.310238838195801
-0.33916792273521423
-0.4097246527671814
2.2171735763549805
-0.14248238503932953
-0.4787936508655548
2.44020676612854
-0.44840359687805176
-0.3211226165294647
2.236363649368286
