0
8
17
9
7
6
15
16
5
4
13
14
3
2
11
12
8
7
16
17
6
5
14
15
4
3
12
13
2
1
10
11
12
11
20
21
17
16
25
26
15
14
23
24
13
12
21
22
11
10
19
20
9
17
26
18
16
15
24
25
14
13
22
23
73
72
35
27
75
74
33
34
77
76
31
32
79
78
29
30
72
75
34
35
74
77
32
33
76
79
30
31
78
80
28
29
64
63
40
41
66
65
38
39
68
67
43
44
69
64
41
42
63
66
39
40
65
70
37
38
71
68
44
36
67
69
42
43
55
54
52
53
57
56
50
51
59
58
48
49
61
60
46
47
62
55
53
45
54
57
51
52
56
59
49
50
58
61
47
48
39
38
61
58
41
40
59
56
43
42
57
54
36
44
55
62
38
37
60
61
40
39
58
59
42
41
56
57
44
43
54
55
34
33
69
67
27
35
68
71
29
28
70
65
31
30
66
63
33
32
64
69
35
34
67
68
30
29
65
66
32
31
63
64
20
19
80
78
22
21
79
76
24
23
77
74
26
25
75
72
21
20
78
79
23
22
76
77
25
24
74
75
18
26
72
73
4
5
86
85
2
3
84
83
7
8
89
88
5
6
87
86
3
4
85
84
1
2
83
82
8
0
81
89
6
7
88
87
84
85
94
93
82
83
92
91
89
81
90
98
87
88
97
96
85
86
95
94
83
84
93
92
88
89
98
97
86
87
96
95
108
113
104
105
114
119
102
103
120
125
100
101
126
131
107
99
132
108
105
106
113
114
103
104
119
120
101
102
131
132
106
107
53
52
134
129
129
134
133
130
130
133
132
131
48
47
122
117
117
122
121
118
118
121
120
119
50
49
116
111
111
116
115
112
112
115
114
113
52
51
110
134
134
110
109
133
133
109
108
132
45
53
129
128
128
129
130
127
127
130
131
126
47
46
123
122
122
123
124
121
121
124
125
120
49
48
117
116
116
117
118
115
115
118
119
114
51
50
111
110
110
111
112
109
109
112
113
108
331
332
135
136
335
340
140
138
343
328
142
141
328
336
139
142
161
162
150
151
163
161
151
143
164
165
144
145
166
164
145
146
167
166
146
147
168
167
147
148
169
168
148
149
162
169
149
150
170
171
154
155
172
170
155
156
173
172
156
157
174
173
157
158
175
174
158
159
176
175
159
160
177
176
160
152
171
178
153
154
195
194
169
162
194
193
168
169
193
192
167
168
192
191
166
167
191
190
164
166
190
196
165
164
189
188
161
163
188
195
162
161
186
187
178
171
185
184
176
177
184
183
175
176
183
182
174
175
182
181
173
174
181
180
172
173
180
179
170
172
179
186
171
170
146
145
186
179
147
146
179
180
148
147
180
181
149
148
181
182
150
149
182
183
151
150
183
184
143
151
184
185
145
144
187
186
107
106
195
188
99
107
188
189
101
100
196
190
102
101
190
191
103
102
191
192
104
103
192
193
105
104
193
194
106
105
194
195
160
159
204
205
152
160
205
197
154
153
198
199
155
154
199
200
156
155
200
201
157
156
201
202
158
157
202
203
159
158
203
204
201
200
209
210
202
201
210
211
203
202
211
212
204
203
212
213
205
204
213
214
197
205
214
206
199
198
207
208
200
199
208
209
224
229
223
215
230
235
216
217
236
230
217
218
239
236
218
219
242
239
219
220
244
242
220
221
247
244
221
222
229
247
222
223
214
213
249
227
227
249
248
228
228
248
247
229
213
212
246
249
249
246
245
248
248
245
244
247
212
211
243
246
339
331
136
137
332
335
138
135
211
210
241
243
336
339
137
139
340
343
141
140
210
209
238
241
241
238
237
240
240
237
236
239
209
208
232
238
238
232
231
237
237
231
230
236
208
207
233
232
232
233
234
231
231
234
235
230
206
214
227
226
226
227
228
225
225
228
229
224
259
260
255
256
261
259
256
257
262
261
257
258
263
262
258
250
264
265
251
252
266
264
252
253
267
266
253
254
260
267
254
255
220
219
267
260
219
218
266
267
218
217
264
266
217
216
265
264
215
223
262
263
223
222
261
262
222
221
259
261
221
220
260
259
254
253
271
272
255
254
272
273
256
255
273
274
257
256
274
275
258
257
275
276
250
258
276
268
252
251
269
270
253
252
270
271
311
309
293
294
268
276
312
296
301
299
288
289
303
301
289
290
305
303
290
291
307
305
291
292
309
307
292
293
272
271
302
304
273
272
304
306
274
273
306
308
275
274
308
310
276
275
310
312
270
269
297
300
299
298
287
288
271
270
300
302
300
297
298
299
302
300
299
301
304
302
301
303
306
304
303
305
308
306
305
307
310
308
307
309
312
310
309
311
296
312
311
295
295
311
294
286
290
289
282
281
291
290
281
280
292
291
280
279
293
292
279
278
294
293
278
277
286
294
277
285
288
287
284
283
289
288
283
282
281
282
318
317
280
281
317
316
285
277
313
321
279
280
316
315
283
284
320
319
282
283
319
318
277
278
314
313
278
279
315
314
322
325
319
320
325
317
318
319
323
326
325
322
326
316
317
325
324
327
326
323
327
315
316
326
321
313
327
324
313
314
315
327
241
240
342
341
341
342
343
340
242
244
338
337
337
338
339
336
246
243
334
333
333
334
335
332
244
245
330
338
338
330
331
339
239
242
337
329
329
337
336
328
240
239
329
342
342
329
328
343
243
241
341
334
334
341
340
335
245
246
333
330
330
333
332
331
361
360
345
346
363
362
347
344
362
364
349
347
364
365
350
349
360
363
344
345
366
361
346
348
367
366
348
351
365
367
351
350
369
368
352
353
371
370
354
356
372
371
356
359
373
372
359
358
370
369
353
354
368
374
355
352
374
375
357
355
375
373
358
357
141
142
367
365
142
139
366
367
139
137
361
366
136
135
363
360
140
141
365
364
138
140
364
362
135
138
362
363
137
136
360
361
349
350
373
375
347
349
375
374
344
347
374
368
346
345
369
370
350
351
372
373
351
348
371
372
348
346
370
371
345
344
368
369
387
386
383
382
393
392
377
378
399
398
379
376
398
404
381
379
404
387
382
381
392
399
376
377
405
393
378
380
386
405
380
383
359
356
407
384
384
407
406
385
385
406
405
386
356
354
395
407
407
395
394
406
406
394
393
405
353
352
401
390
390
401
400
391
391
400
399
392
357
358
389
402
402
389
388
403
403
388
387
404
355
357
402
396
396
402
403
397
397
403
404
398
352
355
396
401
401
396
397
400
400
397
398
399
354
353
390
395
395
390
391
394
394
391
392
393
358
359
384
389
389
384
385
388
388
385
386
387
376
379
411
408
379
381
413
411
381
382
414
413
377
376
408
409
380
378
410
412
383
380
412
415
382
383
415
414
378
377
409
410
410
409
417
418
408
411
419
416
411
413
421
419
413
414
422
421
409
408
416
417
412
410
418
420
415
412
420
423
414
415
423
422
534
434
540
536
488
439
543
539
528
491
448
532
492
530
531
447
517
519
504
498
513
517
498
499
491
490
482
448
493
492
447
483
419
421
529
436
416
419
436
535
418
417
438
484
422
423
481
433
423
420
435
481
420
418
484
435
417
416
535
438
421
422
433
529
431
450
461
462
450
426
464
461
455
424
465
459
429
456
460
463
428
449
482
442
451
427
533
532
453
428
442
483
427
454
531
533
454
425
447
531
425
453
483
447
430
451
532
448
449
430
448
482
450
431
449
428
429
452
427
451
426
450
428
453
452
424
454
427
424
455
425
454
455
426
453
425
456
429
451
430
431
456
430
449
479
478
469
470
478
477
472
469
458
474
473
467
475
476
468
471
456
431
462
460
426
455
459
464
424
452
457
465
452
429
463
457
473
440
466
467
440
471
468
466
467
466
469
472
466
468
470
469
476
479
470
468
477
458
467
472
474
480
440
473
480
475
471
440
457
463
475
480
465
457
480
474
464
459
458
477
460
462
479
476
463
460
476
475
459
465
474
458
461
464
477
478
462
461
478
479
494
441
482
490
495
437
484
493
441
485
442
482
485
445
483
442
437
486
435
484
486
432
481
435
445
495
493
483
432
494
490
481
484
438
492
493
433
481
490
491
522
513
499
497
524
515
501
503
438
535
530
492
529
433
491
528
434
487
538
540
443
444
537
542
496
500
502
497
498
496
497
499
504
503
496
498
503
501
500
496
519
524
503
504
526
522
497
502
515
521
500
501
521
526
502
500
495
445
510
511
437
495
511
507
445
485
489
510
432
486
506
509
486
437
507
506
485
441
505
489
441
494
508
505
494
432
509
508
511
510
527
520
520
527
526
521
507
511
520
514
514
520
521
515
510
489
523
527
527
523
522
526
509
506
525
518
518
525
524
519
506
507
514
525
525
514
515
524
489
505
512
523
523
512
513
522
505
508
516
512
512
516
517
513
508
509
518
516
516
518
519
517
487
434
529
528
488
446
531
530
444
443
532
533
446
444
533
531
534
439
535
436
434
534
436
529
443
487
528
532
439
488
530
535
536
540
549
545
539
543
552
548
540
538
547
549
542
537
546
551
444
446
541
537
446
488
539
541
487
443
542
538
439
534
536
543
570
564
555
577
567
569
554
580
544
563
582
583
564
567
580
555
537
541
550
546
541
539
548
550
538
542
551
547
543
536
545
552
593
594
625
626
613
614
645
646
599
600
631
632
592
593
626
624
572
544
583
556
563
570
577
582
569
575
579
554
575
572
556
579
550
548
573
574
574
573
572
575
546
550
574
568
568
574
575
569
545
549
571
562
562
571
570
563
548
552
561
573
573
561
544
572
547
551
566
565
565
566
567
564
552
545
562
561
561
562
563
544
551
546
568
566
566
568
569
567
549
547
565
571
571
565
564
570
576
557
577
555
578
558
579
556
581
559
580
554
558
581
554
579
553
560
583
582
557
553
582
577
559
576
555
580
560
578
556
583
2178
2174
2161
2152
2172
2171
2166
2157
2179
2178
2152
2162
2169
2170
2165
2159
612
613
646
644
594
591
623
625
614
611
643
645
605
606
637
638
557
576
588
587
576
2138
589
588
2138
2139
590
589
2139
557
587
590
559
581
592
591
581
585
593
592
585
2141
594
593
2141
559
591
594
560
553
596
595
553
2142
597
596
2142
2143
598
597
2143
560
595
598
576
559
600
599
559
2141
601
600
2141
2138
602
601
2138
576
599
602
578
560
604
603
560
2143
605
604
2143
586
606
605
586
578
603
606
553
557
608
607
557
2139
609
608
2139
2142
610
609
2142
553
607
610
581
558
612
611
558
2140
613
612
2140
585
614
613
585
581
611
614
558
578
616
615
578
586
617
616
586
2140
618
617
2140
558
615
618
620
619
622
621
623
624
626
625
628
627
630
629
632
631
634
633
636
635
638
637
640
639
642
641
643
644
646
645
648
647
650
649
602
599
632
633
600
601
634
631
607
608
639
640
587
588
619
620
601
602
633
634
610
607
640
641
590
587
620
621
608
609
642
639
588
589
622
619
615
616
647
648
595
596
627
628
609
610
641
642
589
590
621
622
618
615
648
649
598
595
628
629
616
617
650
647
596
597
630
627
603
604
635
636
617
618
649
650
597
598
629
630
606
603
636
637
604
605
638
635
611
612
644
643
591
592
624
623
98
90
651
659
96
97
658
657
94
95
656
655
92
93
654
653
97
98
659
658
95
96
657
656
93
94
655
654
91
92
653
652
653
654
665
664
654
655
666
665
655
656
667
666
656
657
668
667
657
658
669
668
658
659
670
669
659
651
662
670
652
653
664
663
681
680
678
677
680
682
679
678
682
683
671
679
685
684
673
672
684
686
674
673
686
687
675
674
687
688
676
675
688
681
677
676
667
668
681
688
666
667
688
687
665
666
687
686
664
665
686
684
663
664
684
685
670
662
683
682
669
670
682
680
668
669
680
681
701
700
694
693
700
706
695
694
706
709
696
695
709
712
697
696
712
715
689
697
719
718
691
690
718
724
692
691
724
701
693
692
674
675
703
722
722
703
702
723
723
702
701
724
673
674
722
716
716
722
723
717
717
723
724
718
672
673
716
721
721
716
717
720
720
717
718
719
679
671
713
710
710
713
714
711
711
714
715
712
678
679
710
707
707
710
711
708
708
711
712
709
677
678
707
704
704
707
708
705
705
708
709
706
676
677
704
698
698
704
705
699
699
705
706
700
675
676
698
703
703
698
699
702
702
699
700
701
735
734
732
731
734
736
733
732
736
737
725
733
739
738
727
726
738
740
728
727
740
741
729
728
741
742
730
729
742
735
731
730
694
695
735
742
693
694
742
741
692
693
741
740
691
692
740
738
690
691
738
739
697
689
737
736
696
697
736
734
695
696
734
735
754
753
748
747
753
757
749
748
757
759
750
749
759
761
751
750
761
763
743
751
766
765
745
744
765
769
746
745
769
754
747
746
728
729
755
768
768
755
754
769
727
728
768
764
764
768
769
765
726
727
764
767
767
764
765
766
733
725
762
760
760
762
763
761
732
733
760
758
758
760
761
759
731
732
758
756
756
758
759
757
730
731
756
752
752
756
757
753
729
730
752
755
755
752
753
754
780
779
778
777
779
781
770
778
783
782
772
771
782
784
773
772
784
785
774
773
785
786
775
774
786
787
776
775
787
780
777
776
749
750
780
787
748
749
787
786
747
748
786
785
746
747
785
784
745
746
784
782
744
745
782
783
751
743
781
779
750
751
779
780
1491
1490
796
795
1490
1494
788
796
1497
1496
790
789
1496
1500
791
790
1500
1502
792
791
1502
1504
793
792
1504
1506
794
793
1506
1491
795
794
0
9
810
803
802
809
808
801
800
807
806
799
798
805
804
797
803
810
809
802
801
808
807
800
799
806
805
798
797
804
10
1
805
812
811
804
810
817
816
809
808
815
814
807
806
813
812
805
804
811
19
10
9
18
817
810
809
816
815
808
807
814
813
806
73
27
824
853
855
823
822
854
857
821
820
856
859
819
818
858
853
824
823
855
854
822
821
857
856
820
819
859
858
818
28
80
847
828
827
846
849
826
825
848
851
831
830
850
852
829
828
847
846
827
826
849
848
825
37
70
71
36
831
851
850
830
829
852
840
838
837
839
842
836
835
841
844
834
833
843
845
832
46
60
62
45
838
840
839
837
836
842
841
835
834
844
843
833
832
845
826
843
845
825
828
841
844
827
830
839
842
829
36
62
840
831
825
845
60
37
827
844
843
826
829
842
841
828
831
840
839
830
823
850
852
822
27
71
851
824
818
848
70
28
820
846
849
819
822
852
847
821
824
851
850
823
819
849
848
818
821
847
846
820
811
858
80
19
813
856
859
812
815
854
857
814
817
853
855
816
812
859
858
811
814
857
856
813
816
855
854
815
18
73
853
817
799
862
863
800
797
860
861
798
802
865
866
803
800
863
864
801
798
861
862
799
1
82
860
797
803
866
81
0
801
864
865
802
861
868
869
862
82
91
867
860
866
873
90
81
864
871
872
865
862
869
870
863
860
867
868
861
865
872
873
866
863
870
871
864
881
878
877
886
887
876
875
892
893
874
100
125
126
99
880
898
899
879
878
881
886
877
876
887
892
875
874
893
898
880
879
899
838
896
901
837
896
897
900
901
897
898
899
900
833
890
895
832
890
891
894
895
891
892
893
894
835
884
889
834
884
885
888
889
885
886
887
888
837
901
883
836
901
900
882
883
900
899
881
882
45
128
896
838
128
127
897
896
127
126
898
897
832
895
123
46
895
894
124
123
894
893
125
124
834
889
890
833
889
888
891
890
888
887
892
891
836
883
884
835
883
882
885
884
882
881
886
885
1055
903
902
1056
1059
905
907
1064
1067
908
909
1052
1052
909
906
1060
924
916
915
925
163
143
916
924
926
910
144
165
927
911
910
926
928
912
911
927
929
913
912
928
930
914
913
929
925
915
914
930
931
918
917
932
933
919
918
931
934
920
919
933
935
921
920
934
936
922
921
935
937
923
922
936
177
152
923
937
932
917
153
178
951
925
930
950
950
930
929
949
949
929
928
948
948
928
927
947
947
927
926
946
946
926
165
196
189
163
924
945
945
924
925
951
944
932
178
187
185
177
937
943
943
937
936
942
942
936
935
941
941
935
934
940
940
934
933
939
939
933
931
938
938
931
932
944
911
938
944
910
912
939
938
911
913
940
939
912
914
941
940
913
915
942
941
914
916
943
942
915
143
185
943
916
910
944
187
144
880
945
951
879
99
189
945
880
874
946
196
100
875
947
946
874
876
948
947
875
877
949
948
876
878
950
949
877
879
951
950
878
923
958
957
922
152
197
958
923
917
952
198
153
918
953
952
917
919
954
953
918
920
955
954
919
921
956
955
920
922
957
956
921
954
961
960
953
955
962
961
954
956
963
962
955
957
964
963
956
958
965
964
957
197
206
965
958
952
959
207
198
953
960
959
952
224
215
972
975
976
966
216
235
979
967
966
976
982
968
967
979
985
969
968
982
987
970
969
985
990
971
970
987
975
972
971
990
965
973
992
964
973
974
991
992
974
975
990
991
964
992
989
963
992
991
988
989
991
990
987
988
963
989
986
962
1063
904
903
1055
1056
902
905
1059
962
986
984
961
1060
906
904
1063
1064
907
908
1067
961
984
981
960
984
983
980
981
983
982
979
980
960
981
978
959
981
980
977
978
980
979
976
977
959
978
233
207
978
977
234
233
977
976
235
234
206
226
973
965
226
225
974
973
225
224
975
974
1000
997
996
1001
1002
998
997
1000
1003
999
998
1002
263
250
999
1003
1004
993
251
265
1005
994
993
1004
1006
995
994
1005
1001
996
995
1006
969
1001
1006
968
968
1006
1005
967
967
1005
1004
966
966
1004
265
216
215
263
1003
972
972
1003
1002
971
971
1002
1000
970
970
1000
1001
969
995
1009
1008
994
996
1010
1009
995
997
1011
1010
996
998
1012
1011
997
999
1013
1012
998
250
268
1013
999
993
1007
269
251
994
1008
1007
993
1040
1027
1026
1038
268
296
1041
1013
1030
1022
1021
1028
1032
1023
1022
1030
1034
1024
1023
1032
1036
1025
1024
1034
1038
1026
1025
1036
1009
1033
1031
1008
1010
1035
1033
1009
1011
1037
1035
1010
1012
1039
1037
1011
1013
1041
1039
1012
1007
1029
297
269
1028
1021
287
298
1008
1031
1029
1007
1029
1028
298
297
1031
1030
1028
1029
1033
1032
1030
1031
1035
1034
1032
1033
1037
1036
1034
1035
1039
1038
1036
1037
1041
1040
1038
1039
296
295
1040
1041
295
286
1027
1040
1023
1018
1019
1022
1024
1017
1018
1023
1025
1016
1017
1024
1026
1015
1016
1025
1027
1014
1015
1026
286
285
1014
1027
1021
1020
284
287
1022
1019
1020
1021
1018
1046
1047
1019
1017
1045
1046
1018
285
321
1042
1014
1016
1044
1045
1017
1020
1048
320
284
1019
1047
1048
1020
1014
1042
1043
1015
1015
1043
1044
1016
322
320
1048
1049
1049
1048
1047
1046
323
322
1049
1050
1050
1049
1046
1045
324
323
1050
1051
1051
1050
1045
1044
321
324
1051
1042
1042
1051
1044
1043
984
1065
1066
983
1065
1064
1067
1066
985
1061
1062
987
1061
1060
1063
1062
989
1057
1058
986
1057
1056
1059
1058
987
1062
1054
988
1062
1063
1055
1054
982
1053
1061
985
1053
1052
1060
1061
983
1066
1053
982
1066
1067
1052
1053
986
1058
1065
984
1058
1059
1064
1065
988
1054
1057
989
1054
1055
1056
1057
1085
1070
1069
1084
1087
1068
1071
1086
1086
1071
1073
1088
1088
1073
1074
1089
1084
1069
1068
1087
1090
1072
1070
1085
1091
1075
1072
1090
1089
1074
1075
1091
1093
1077
1076
1092
1095
1080
1078
1094
1096
1083
1080
1095
1097
1082
1083
1096
1094
1078
1077
1093
1092
1076
1079
1098
1098
1079
1081
1099
1099
1081
1082
1097
908
1089
1091
909
909
1091
1090
906
906
1090
1085
904
903
1084
1087
902
907
1088
1089
908
905
1086
1088
907
902
1087
1086
905
904
1085
1084
903
1073
1099
1097
1074
1071
1098
1099
1073
1068
1092
1098
1071
1070
1094
1093
1069
1074
1097
1096
1075
1075
1096
1095
1072
1072
1095
1094
1070
1069
1093
1092
1068
1111
1106
1107
1110
1117
1102
1101
1116
1123
1100
1103
1122
1122
1103
1105
1128
1128
1105
1106
1111
1116
1101
1100
1123
1129
1104
1102
1117
1110
1107
1104
1129
1083
1108
1131
1080
1108
1109
1130
1131
1109
1110
1129
1130
1080
1131
1119
1078
1131
1130
1118
1119
1130
1129
1117
1118
1077
1114
1125
1076
1114
1115
1124
1125
1115
1116
1123
1124
1081
1126
1113
1082
1126
1127
1112
1113
1127
1128
1111
1112
1079
1120
1126
1081
1120
1121
1127
1126
1121
1122
1128
1127
1076
1125
1120
1079
1125
1124
1121
1120
1124
1123
1122
1121
1078
1119
1114
1077
1119
1118
1115
1114
1118
1117
1116
1115
1082
1113
1108
1083
1113
1112
1109
1108
1112
1111
1110
1109
1100
1132
1135
1103
1103
1135
1137
1105
1105
1137
1138
1106
1101
1133
1132
1100
1104
1136
1134
1102
1107
1139
1136
1104
1106
1138
1139
1107
1102
1134
1133
1101
1134
1142
1141
1133
1132
1140
1143
1135
1135
1143
1145
1137
1137
1145
1146
1138
1133
1141
1140
1132
1136
1144
1142
1134
1139
1147
1144
1136
1138
1146
1147
1139
1258
1260
1264
1158
1212
1263
1267
1163
1252
1256
1172
1215
1216
1171
1255
1254
1241
1222
1228
1243
1237
1223
1222
1241
1215
1172
1206
1214
1217
1207
1171
1216
1143
1160
1253
1145
1140
1259
1160
1143
1142
1208
1162
1141
1146
1157
1205
1147
1147
1205
1159
1144
1144
1159
1208
1142
1141
1162
1259
1140
1145
1253
1157
1146
1155
1186
1185
1174
1174
1185
1188
1150
1179
1183
1189
1148
1153
1187
1184
1180
1152
1166
1206
1173
1175
1256
1257
1151
1177
1207
1166
1152
1151
1257
1255
1178
1178
1255
1171
1149
1149
1171
1207
1177
1154
1172
1256
1175
1173
1206
1172
1154
1174
1152
1173
1155
1153
1175
1151
1176
1150
1177
1152
1174
1176
1151
1178
1148
1148
1178
1149
1179
1179
1149
1177
1150
1180
1154
1175
1153
1155
1173
1154
1180
1203
1194
1193
1202
1202
1193
1196
1201
1182
1191
1197
1198
1199
1195
1192
1200
1180
1184
1186
1155
1150
1188
1183
1179
1148
1189
1181
1176
1176
1181
1187
1153
1197
1191
1190
1164
1164
1190
1192
1195
1191
1196
1193
1190
1190
1193
1194
1192
1200
1192
1194
1203
1201
1196
1191
1182
1198
1197
1164
1204
1204
1164
1195
1199
1181
1204
1199
1187
1189
1198
1204
1181
1188
1201
1182
1183
1184
1200
1203
1186
1187
1199
1200
1184
1183
1182
1198
1189
1185
1202
1201
1188
1186
1203
1202
1185
1218
1214
1206
1165
1219
1217
1208
1161
1165
1206
1166
1209
1209
1166
1207
1169
1161
1208
1159
1210
1210
1159
1205
1156
1169
1207
1217
1219
1156
1205
1214
1218
1208
1217
1216
1162
1157
1215
1214
1205
1246
1221
1223
1237
1248
1227
1225
1239
1162
1216
1254
1259
1253
1252
1215
1157
1158
1264
1262
1211
1167
1266
1261
1168
1220
1221
1226
1224
1222
1223
1221
1220
1228
1222
1220
1227
1227
1220
1224
1225
1243
1228
1227
1248
1250
1226
1221
1246
1239
1225
1224
1245
1245
1224
1226
1250
1219
1235
1234
1169
1161
1231
1235
1219
1169
1234
1213
1209
1156
1233
1230
1210
1210
1230
1231
1161
1209
1213
1229
1165
1165
1229
1232
1218
1218
1232
1233
1156
1235
1244
1251
1234
1244
1245
1250
1251
1231
1238
1244
1235
1238
1239
1245
1244
1234
1251
1247
1213
1251
1250
1246
1247
1233
1242
1249
1230
1242
1243
1248
1249
1230
1249
1238
1231
1249
1248
1239
1238
1213
1247
1236
1229
1247
1246
1237
1236
1229
1236
1240
1232
1236
1237
1241
1240
1232
1240
1242
1233
1240
1241
1243
1242
1211
1252
1253
1158
1212
1254
1255
1170
1168
1257
1256
1167
1170
1255
1257
1168
1258
1160
1259
1163
1158
1253
1160
1258
1167
1256
1252
1211
1163
1259
1254
1212
1260
1269
1273
1264
1263
1272
1276
1267
1264
1273
1271
1262
1266
1275
1270
1261
1168
1261
1265
1170
1170
1265
1263
1212
1211
1262
1266
1167
1163
1267
1260
1258
1294
1301
1279
1288
1291
1304
1278
1293
1268
1307
1306
1287
1288
1279
1304
1291
1261
1270
1274
1265
1265
1274
1272
1263
1262
1271
1275
1266
1267
1276
1269
1260
1317
1350
1349
1318
1337
1370
1369
1338
1323
1356
1355
1324
1316
1348
1350
1317
1296
1280
1307
1268
1287
1306
1301
1294
1293
1278
1303
1299
1299
1303
1280
1296
1274
1298
1297
1272
1298
1299
1296
1297
1270
1292
1298
1274
1292
1293
1299
1298
1269
1286
1295
1273
1286
1287
1294
1295
1272
1297
1285
1276
1297
1296
1268
1285
1271
1289
1290
1275
1289
1288
1291
1290
1276
1285
1286
1269
1285
1268
1287
1286
1275
1290
1292
1270
1290
1291
1293
1292
1273
1295
1289
1271
1295
1294
1288
1289
1300
1279
1301
1281
1302
1280
1303
1282
1305
1278
1304
1283
1282
1303
1278
1305
1277
1306
1307
1284
1281
1301
1306
1277
1283
1304
1279
1300
1284
1307
1280
1302
2174
2175
2154
2161
1308
584
2164
2158
2168
2169
2159
2167
2176
2177
2153
2160
1336
1368
1370
1337
1318
1349
1347
1315
1338
1369
1367
1335
1329
1362
1361
1330
1281
1311
1312
1300
1300
1312
1313
2144
2144
1313
1314
2145
2145
1314
1311
1281
1283
1315
1316
1305
1305
1316
1317
1309
1309
1317
1318
2147
2147
1318
1315
1283
1284
1319
1320
1277
1277
1320
1321
2148
2148
1321
1322
2149
2149
1322
1319
1284
1300
1323
1324
1283
1283
1324
1325
2147
2147
1325
1326
2144
2144
1326
1323
1300
1302
1327
1328
1284
1284
1328
1329
2149
2149
1329
1330
1310
1310
1330
1327
1302
1277
1331
1332
1281
1281
1332
1333
2145
2145
1333
1334
2148
2148
1334
1331
1277
1305
1335
1336
1282
1282
1336
1337
2146
2146
1337
1338
1309
1309
1338
1335
1305
1282
1339
1340
1302
1302
1340
1341
1310
1310
1341
1342
2146
2146
1342
1339
1282
1344
1345
1346
1343
1347
1349
1350
1348
1352
1353
1354
1351
1356
1357
1358
1355
1360
1361
1362
1359
1364
1365
1366
1363
1367
1369
1370
1368
1372
1373
1374
1371
1326
1357
1356
1323
1324
1355
1358
1325
1331
1364
1363
1332
1311
1344
1343
1312
1325
1358
1357
1326
1334
1365
1364
1331
1314
1345
1344
1311
1332
1363
1366
1333
1312
1343
1346
1313
1339
1372
1371
1340
1319
1352
1351
1320
1333
1366
1365
1334
1313
1346
1345
1314
1342
1373
1372
1339
1322
1353
1352
1319
1340
1371
1374
1341
1320
1351
1354
1321
1327
1360
1359
1328
1341
1374
1373
1342
1321
1354
1353
1322
1330
1361
1360
1327
1328
1359
1362
1329
1335
1367
1368
1336
1315
1347
1348
1316
873
1381
651
90
871
1379
1380
872
869
1377
1378
870
867
1375
1376
868
872
1380
1381
873
870
1378
1379
871
868
1376
1377
869
91
652
1375
867
1375
1384
1385
1376
1376
1385
1386
1377
1377
1386
1387
1378
1378
1387
1388
1379
1379
1388
1389
1380
1380
1389
1390
1381
1381
1390
662
651
652
663
1384
1375
1399
1395
1396
1398
1398
1396
1397
1400
1400
1397
671
683
685
672
1391
1401
1401
1391
1392
1402
1402
1392
1393
1403
1403
1393
1394
1404
1404
1394
1395
1399
1387
1404
1399
1388
1386
1403
1404
1387
1385
1402
1403
1386
1384
1401
1402
1385
663
685
1401
1384
1390
1400
683
662
1389
1398
1400
1390
1388
1399
1398
1389
1415
1407
1408
1414
1414
1408
1409
1420
1420
1409
1410
1423
1423
1410
1411
1426
1426
1411
689
715
719
690
1405
1429
1429
1405
1406
1432
1432
1406
1407
1415
1392
1430
1417
1393
1430
1431
1416
1417
1431
1432
1415
1416
1391
1427
1430
1392
1427
1428
1431
1430
1428
1429
1432
1431
672
721
1427
1391
721
720
1428
1427
720
719
1429
1428
1397
1424
713
671
1424
1425
714
713
1425
1426
715
714
1396
1421
1424
1397
1421
1422
1425
1424
1422
1423
1426
1425
1395
1418
1421
1396
1418
1419
1422
1421
1419
1420
1423
1422
1394
1412
1418
1395
1412
1413
1419
1418
1413
1414
1420
1419
1393
1417
1412
1394
1417
1416
1413
1412
1416
1415
1414
1413
1441
1437
1438
1440
1440
1438
1439
1442
1442
1439
725
737
739
726
1433
1443
1443
1433
1434
1444
1444
1434
1435
1445
1445
1435
1436
1446
1446
1436
1437
1441
1408
1446
1441
1409
1407
1445
1446
1408
1406
1444
1445
1407
1405
1443
1444
1406
690
739
1443
1405
1411
1442
737
689
1410
1440
1442
1411
1409
1441
1440
1410
1456
1449
1450
1455
1455
1450
1451
1459
1459
1451
1452
1461
1461
1452
1453
1463
1463
1453
743
763
766
744
1447
1465
1465
1447
1448
1467
1467
1448
1449
1456
1434
1466
1457
1435
1466
1467
1456
1457
1433
1464
1466
1434
1464
1465
1467
1466
726
767
1464
1433
767
766
1465
1464
1439
1462
762
725
1462
1463
763
762
1438
1460
1462
1439
1460
1461
1463
1462
1437
1458
1460
1438
1458
1459
1461
1460
1436
1454
1458
1437
1454
1455
1459
1458
1435
1457
1454
1436
1457
1456
1455
1454
1476
1473
1474
1475
1475
1474
770
781
783
771
1468
1477
1477
1468
1469
1478
1478
1469
1470
1479
1479
1470
1471
1480
1480
1471
1472
1481
1481
1472
1473
1476
1451
1481
1476
1452
1450
1480
1481
1451
1449
1479
1480
1450
1448
1478
1479
1449
1447
1477
1478
1448
744
783
1477
1447
1453
1475
781
743
1452
1476
1475
1453
1509
1487
1488
1508
1508
1488
788
1494
1497
789
1482
1512
1512
1482
1483
1514
1514
1483
1484
1516
1516
1484
1485
1518
1518
1485
1486
1520
1520
1486
1487
1509
1472
1519
1510
1473
1519
1520
1509
1510
1471
1517
1519
1472
1517
1518
1520
1519
1470
1515
1517
1471
1515
1516
1518
1517
1469
1513
1515
1470
1513
1514
1516
1515
1468
1511
1513
1469
1511
1512
1514
1513
771
1498
1511
1468
1498
1497
1512
1511
1474
1507
1493
770
1507
1508
1494
1493
1473
1510
1507
1474
1510
1509
1508
1507
776
777
1492
1505
1505
1492
1491
1506
775
776
1505
1503
1503
1505
1506
1504
774
775
1503
1501
1501
1503
1504
1502
773
774
1501
1499
1499
1501
1502
1500
772
773
1499
1495
1495
1499
1500
1496
771
772
1495
1498
1498
1495
1496
1497
778
770
1493
1489
1489
1493
1494
1490
777
778
1489
1492
1492
1489
1490
1491
1538
1537
1535
1536
1540
1539
1528
1527
1541
1538
1536
1521
1543
1542
1522
1530
1539
1544
1529
1528
1545
1543
1530
1531
1544
1541
1521
1529
1542
1546
1523
1522
1547
1545
1531
1532
1546
1548
1524
1523
1549
1547
1532
1533
1548
1550
1525
1524
1551
1549
1533
1534
1550
1552
1526
1525
1537
1551
1534
1535
1552
1540
1527
1526
793
794
1540
1552
1487
1486
1551
1537
792
793
1552
1550
1486
1485
1549
1551
791
792
1550
1548
1485
1484
1547
1549
790
791
1548
1546
1484
1483
1545
1547
789
790
1546
1542
796
788
1541
1544
1483
1482
1543
1545
795
796
1544
1539
1482
789
1542
1543
788
1488
1538
1541
794
795
1539
1540
1488
1487
1537
1538
1523
1524
1556
1555
1531
1530
1562
1563
1524
1525
1557
1556
1532
1531
1563
1564
1525
1526
1558
1557
1533
1532
1564
1565
1526
1527
1559
1558
1534
1533
1565
1566
1527
1528
1560
1559
1535
1534
1566
1567
1528
1529
1561
1560
1536
1535
1567
1568
1529
1521
1553
1561
1522
1523
1555
1554
1521
1536
1568
1553
1530
1522
1554
1562
1618
1617
1580
1581
1620
1619
1575
1574
1621
1618
1581
1582
1619
1622
1576
1575
1623
1621
1582
1583
1622
1624
1577
1576
1625
1623
1583
1584
1624
1626
1569
1577
1628
1627
1571
1570
1626
1625
1584
1569
1629
1628
1570
1578
1627
1630
1572
1571
1631
1629
1578
1579
1630
1632
1573
1572
1617
1631
1579
1580
1632
1620
1574
1573
1634
1633
1594
1595
1636
1635
1589
1588
1637
1634
1595
1596
1635
1638
1590
1589
1639
1637
1596
1597
1638
1640
1591
1590
1641
1639
1597
1598
1640
1642
1592
1591
1643
1641
1598
1599
1642
1644
1593
1592
1645
1643
1599
1600
1644
1646
1585
1593
1648
1647
1587
1586
1646
1645
1600
1585
1633
1648
1586
1594
1647
1636
1588
1587
1650
1649
1615
1616
1652
1651
1601
1609
1654
1653
1603
1602
1651
1650
1616
1601
1655
1654
1602
1610
1653
1656
1604
1603
1657
1655
1610
1611
1656
1658
1605
1604
1659
1657
1611
1612
1658
1660
1606
1605
1661
1659
1612
1613
1660
1662
1607
1606
1663
1661
1613
1614
1662
1664
1608
1607
1649
1663
1614
1615
1664
1652
1609
1608
1557
1558
1620
1632
1564
1563
1631
1617
1556
1557
1632
1630
1563
1562
1629
1631
1555
1556
1630
1627
1562
1554
1628
1629
1553
1568
1625
1626
1554
1555
1627
1628
1561
1553
1626
1624
1568
1567
1623
1625
1560
1561
1624
1622
1567
1566
1621
1623
1559
1560
1622
1619
1566
1565
1618
1621
1558
1559
1619
1620
1565
1564
1617
1618
1571
1572
1636
1647
1578
1570
1648
1633
1569
1584
1645
1646
1570
1571
1647
1648
1577
1569
1646
1644
1584
1583
1643
1645
1576
1577
1644
1642
1583
1582
1641
1643
1575
1576
1642
1640
1582
1581
1639
1641
1574
1575
1640
1638
1581
1580
1637
1639
1573
1574
1638
1635
1580
1579
1634
1637
1572
1573
1635
1636
1579
1578
1633
1634
1592
1593
1652
1664
1599
1598
1663
1649
1591
1592
1664
1662
1598
1597
1661
1663
1590
1591
1662
1660
1597
1596
1659
1661
1589
1590
1660
1658
1596
1595
1657
1659
1588
1589
1658
1656
1595
1594
1655
1657
1587
1588
1656
1653
1594
1586
1654
1655
1585
1600
1650
1651
1586
1587
1653
1654
1593
1585
1651
1652
1600
1599
1649
1650
1606
1607
1671
1670
1614
1613
1677
1678
1607
1608
1672
1671
1615
1614
1678
1679
1608
1609
1673
1672
1616
1615
1679
1680
1609
1601
1665
1673
1602
1603
1667
1666
1601
1616
1680
1665
1610
1602
1666
1674
1603
1604
1668
1667
1611
1610
1674
1675
1604
1605
1669
1668
1612
1611
1675
1676
1605
1606
1670
1669
1613
1612
1676
1677
1674
1666
1682
1690
1667
1668
1684
1683
1675
1674
1690
1691
1668
1669
1685
1684
1676
1675
1691
1692
1669
1670
1686
1685
1677
1676
1692
1693
1670
1671
1687
1686
1678
1677
1693
1694
1671
1672
1688
1687
1679
1678
1694
1695
1672
1673
1689
1688
1680
1679
1695
1696
1673
1665
1681
1689
1666
1667
1683
1682
1665
1680
1696
1681
1762
1926
1934
1800
1768
1927
1935
1793
1792
1933
1937
1808
1786
1932
1936
1802
1808
1937
1939
1816
1802
1936
1938
1810
1816
1939
1941
1824
1810
1938
1940
1818
1850
1948
1942
1830
1856
1949
1943
1831
1818
1940
1944
1834
1824
1941
1945
1837
1830
1942
1947
1849
1831
1943
1946
1843
1834
1944
1949
1856
1837
1945
1948
1850
1849
1947
1951
1864
1843
1946
1950
1858
1864
1951
1953
1872
1858
1950
1952
1866
1883
1959
1954
1874
1896
1957
1955
1880
1872
1953
1956
1895
1895
1956
1957
1896
1866
1952
1958
1884
1884
1958
1959
1883
1880
1955
1961
1904
1874
1954
1960
1898
1904
1961
1963
1912
1898
1960
1962
1906
2064
1910
1964
2067
2118
1906
1962
2120
1693
1709
1710
1694
1694
1710
1711
1695
1695
1711
1712
1696
1696
1712
1697
1681
1689
1681
1697
1705
1688
1689
1705
1704
1687
1688
1704
1703
1686
1687
1703
1702
1685
1686
1702
1701
1684
1685
1701
1700
1683
1684
1700
1699
1682
1683
1699
1698
1682
1698
1706
1690
1690
1706
1707
1691
1691
1707
1708
1692
1692
1708
1709
1693
1966
1721
1728
1965
2016
1719
1726
2018
1915
1720
1727
1917
1967
1717
1724
1968
2069
1714
1722
2071
1914
1716
1723
1916
2017
1713
1715
2019
2070
1718
1725
2072
2018
1726
1734
2020
1965
1728
1736
1969
1917
1727
1735
1919
1916
1723
1731
1918
2072
1725
1733
2074
2071
1722
1730
2073
2019
1715
1729
2021
1968
1724
1732
1970
2021
1729
1737
2023
1970
1732
1740
1972
2020
1734
1742
2022
2073
1730
1738
2075
1919
1735
1743
1921
1918
1731
1739
1920
2074
1733
1741
2076
1969
1736
1744
1971
1920
1739
1747
1922
2076
1741
1749
2078
1971
1744
1752
1973
2023
1737
1745
2025
1972
1740
1748
1974
2022
1742
1750
2024
2075
1738
1746
2077
1921
1743
1751
1923
1923
1751
1759
1925
1922
1747
1755
1924
2078
1749
1757
2080
1973
1752
1760
1975
2025
1745
1753
2027
1974
1748
1756
1976
2024
1750
1758
2026
2077
1746
1754
2079
1982
1770
1764
1978
2033
1774
1766
2028
2086
1778
1762
2081
1931
1775
1767
1927
1929
1771
1763
1926
2084
1782
1765
2082
1980
1779
1768
1977
2031
1783
1761
2029
2027
1753
1784
2030
2030
1784
1783
2031
1975
1760
1780
1979
1979
1780
1779
1980
2080
1757
1781
2083
2083
1781
1782
2084
1924
1755
1772
1928
1928
1772
1771
1929
1925
1759
1776
1930
1930
1776
1775
1931
2079
1754
1777
2085
2085
1777
1778
2086
2026
1758
1773
2032
2032
1773
1774
2033
1976
1756
1769
1981
1981
1769
1770
1982
1986
1793
1792
1983
2037
1794
1785
2035
1985
1796
1788
1984
2036
1798
1790
2034
2090
1800
1786
2087
1935
1799
1791
1933
1934
1797
1787
1932
2089
1795
1789
2088
2082
1765
1795
2089
1926
1763
1797
1934
1927
1767
1799
1935
2081
1762
1800
2090
2028
1766
1798
2036
1978
1764
1796
1985
2029
1761
1794
2037
1977
1768
1793
1986
2035
1785
1801
2039
1984
1788
1804
1988
2034
1790
1806
2038
2087
1786
1802
2091
1933
1791
1807
1937
1932
1787
1803
1936
2088
1789
1805
2092
1983
1792
1808
1987
1937
1807
1815
1939
1936
1803
1811
1938
2092
1805
1813
2094
1987
1808
1816
1989
2039
1801
1809
2041
1988
1804
1812
1990
2038
1806
1814
2040
2091
1802
1810
2093
2040
1814
1822
2042
2093
1810
1818
2095
1939
1815
1823
1941
1938
1811
1819
1940
2094
1813
1821
2096
1989
1816
1824
1991
2041
1809
1817
2043
1990
1812
1820
1992
2103
1843
1858
2098
2049
1847
1862
2044
1999
1845
1860
2002
2050
1842
1825
2053
2052
1852
1833
2045
2106
1856
1831
2099
1948
1851
1832
1942
1949
1855
1827
1943
2105
1853
1829
2100
2001
1850
1830
1994
2051
1857
1828
2046
2000
1854
1826
1995
2042
1822
1835
2047
1992
1820
1840
1996
2043
1817
1841
2048
1991
1824
1837
1997
2096
1821
1839
2101
1940
1819
1838
1944
1941
1823
1836
1945
2095
1818
1834
2102
2045
1833
1847
2049
2099
1831
1843
2103
1942
1832
1848
1947
1943
1827
1844
1946
2100
1829
1846
2104
1994
1830
1849
1998
2046
1828
1842
2050
1995
1826
1845
1999
2047
1835
1852
2052
1996
1840
1854
2000
2048
1841
1857
2051
1997
1837
1850
2001
2101
1839
1853
2105
1944
1838
1855
1949
1945
1836
1851
1948
2102
1834
1856
2106
1947
1848
1863
1951
1946
1844
1859
1950
2104
1846
1861
2097
1998
1849
1864
1993
2053
1825
1865
2055
2002
1860
1868
2004
1993
1864
1872
2003
2097
1861
1869
2107
1951
1863
1871
1953
1950
1859
1867
1952
2098
1858
1866
2108
2044
1862
1870
2054
1959
1882
1875
1954
2114
1883
1874
2110
2061
1885
1878
2056
2059
1890
1873
2057
2010
1894
1876
2006
2008
1896
1880
2005
2112
1891
1877
2109
1957
1887
1879
1955
1953
1871
1888
1956
1956
1888
1887
1957
2107
1869
1892
2111
2111
1892
1891
2112
2003
1872
1895
2007
2007
1895
1896
2008
2004
1868
1893
2009
2009
1893
1894
2010
2055
1865
1889
2058
2058
1889
1890
2059
2054
1870
1886
2060
2060
1886
1885
2061
2108
1866
1884
2113
2113
1884
1883
2114
1952
1867
1881
1958
1958
1881
1882
1959
1955
1879
1903
1961
1954
1875
1899
1960
2110
1874
1898
2116
2056
1878
1902
2062
2057
1873
1897
2063
2006
1876
1900
2012
2005
1880
1904
2011
2109
1877
1901
2115
1961
1903
1911
1963
1960
1899
1907
1962
2116
1898
1906
2118
2062
1902
1910
2064
2063
1897
1905
2065
2012
1900
1908
2014
2011
1904
1912
2013
2115
1901
1909
2117
2067
1964
1913
2066
2120
1962
1907
2119
2068
2015
1909
2065
2121
2014
1908
2117
1800
1934
1932
1786
1793
1935
1933
1792
1780
1930
1931
1779
1760
1925
1930
1780
1777
1928
1929
1778
1754
1924
1928
1777
1778
1929
1926
1762
1779
1931
1927
1768
1746
1922
1924
1754
1752
1923
1925
1760
1744
1921
1923
1752
1738
1920
1922
1746
1730
1918
1920
1738
1736
1919
1921
1744
1722
1916
1918
1730
1728
1917
1919
1736
1714
1914
1916
1722
1721
1915
1917
1728
2119
1907
2014
2121
2066
1913
2015
2068
1897
2011
2013
1905
1899
2012
2014
1907
1873
2005
2011
1897
1875
2006
2012
1899
1881
2009
2010
1882
1867
2004
2009
1881
1889
2007
2008
1890
1865
2003
2007
1889
1890
2008
2005
1873
1882
2010
2006
1875
1825
1993
2003
1865
1859
2002
2004
1867
1842
1998
1993
1825
1841
1997
2001
1857
1838
1996
2000
1855
1827
1995
1999
1844
1828
1994
1998
1842
1817
1991
1997
1841
1819
1992
1996
1838
1855
2000
1995
1827
1857
2001
1994
1828
1844
1999
2002
1859
1811
1990
1992
1819
1809
1989
1991
1817
1803
1988
1990
1811
1801
1987
1989
1809
1785
1983
1987
1801
1787
1984
1988
1803
1761
1977
1986
1794
1763
1978
1985
1797
1797
1985
1984
1787
1794
1986
1983
1785
1772
1981
1982
1771
1755
1976
1981
1772
1784
1979
1980
1783
1753
1975
1979
1784
1783
1980
1977
1761
1771
1982
1978
1763
1747
1974
1976
1755
1745
1973
1975
1753
1739
1972
1974
1747
1737
1971
1973
1745
1729
1969
1971
1737
1731
1970
1972
1739
1723
1968
1970
1731
1715
1965
1969
1729
1716
1967
1968
1723
1713
1966
1965
1715
1912
2066
2068
2013
2013
2068
2065
1905
1963
2067
2066
1912
1901
2063
2065
1909
1903
2062
2064
1911
1877
2057
2063
1901
1879
2056
2062
1903
1888
2060
2061
1887
1871
2054
2060
1888
1892
2058
2059
1891
1869
2055
2058
1892
1891
2059
2057
1877
1887
2061
2056
1879
1863
2044
2054
1871
1861
2053
2055
1869
1839
2048
2051
1853
1836
2047
2052
1851
1829
2046
2050
1846
1832
2045
2049
1848
1821
2043
2048
1839
1823
2042
2047
1836
1853
2051
2046
1829
1851
2052
2045
1832
1846
2050
2053
1861
1848
2049
2044
1863
1813
2041
2043
1821
1815
2040
2042
1823
1807
2038
2040
1815
1805
2039
2041
1813
1791
2034
2038
1807
1789
2035
2039
1805
1765
2029
2037
1795
1767
2028
2036
1799
1799
2036
2034
1791
1795
2037
2035
1789
1776
2032
2033
1775
1759
2026
2032
1776
1781
2030
2031
1782
1757
2027
2030
1781
1782
2031
2029
1765
1775
2033
2028
1767
1751
2024
2026
1759
1749
2025
2027
1757
1743
2022
2024
1751
1741
2023
2025
1749
1735
2020
2022
1743
1733
2021
2023
1741
1725
2019
2021
1733
1727
2018
2020
1735
1718
2017
2019
1725
1720
2016
2018
1727
1911
2064
2067
1963
1913
2119
2121
2015
2015
2121
2117
1909
1964
2120
2119
1913
1900
2115
2117
1908
1902
2116
2118
1910
1876
2109
2115
1900
1878
2110
2116
1902
1886
2113
2114
1885
1870
2108
2113
1886
1893
2111
2112
1894
1868
2107
2111
1893
1894
2112
2109
1876
1885
2114
2110
1878
1862
2098
2108
1870
1860
2097
2107
1868
1845
2104
2097
1860
1835
2102
2106
1852
1840
2101
2105
1854
1826
2100
2104
1845
1833
2099
2103
1847
1822
2095
2102
1835
1820
2096
2101
1840
1854
2105
2100
1826
1852
2106
2099
1833
1847
2103
2098
1862
1812
2094
2096
1820
1814
2093
2095
1822
1806
2091
2093
1814
1804
2092
2094
1812
1788
2088
2092
1804
1790
2087
2091
1806
1766
2081
2090
1798
1764
2082
2089
1796
1796
2089
2088
1788
1798
2090
2087
1790
1773
2085
2086
1774
1758
2079
2085
1773
1769
2083
2084
1770
1756
2080
2083
1769
1770
2084
2082
1764
1774
2086
2081
1766
1750
2077
2079
1758
1748
2078
2080
1756
1742
2075
2077
1750
1740
2076
2078
1748
1732
2074
2076
1740
1734
2073
2075
1742
1726
2071
2073
1734
1724
2072
2074
1732
1717
2070
2072
1724
1719
2069
2071
1726
1910
2118
2120
1964
1708
1707
2132
2133
1701
1702
2127
2126
1709
1708
2133
2134
1702
1703
2128
2127
1710
1709
2134
2135
1703
1704
2129
2128
1711
1710
2135
2136
1704
1705
2130
2129
1712
1711
2136
2137
1705
1697
2122
2130
1698
1699
2124
2123
1697
1712
2137
2122
1706
1698
2123
2131
1699
1700
2125
2124
1707
1706
2131
2132
1700
1701
2126
2125
1719
2016
2133
2132
2134
2133
2016
1720
1720
1915
2135
2134
1915
1721
2136
2135
1721
1966
2137
2136
2122
2137
1966
1713
2130
2122
1713
2017
2129
2130
2017
1718
2128
2129
1718
2070
1717
2127
2128
2070
2126
2127
1717
1967
1716
2125
2126
1967
2124
2125
1716
1914
1714
2123
2124
1914
1714
2069
2131
2123
2131
2069
1719
2132
2154
2150
2152
2161
2150
2153
2162
2152
2151
2160
2153
2150
2163
2151
2150
2154
2159
2165
2157
2155
2155
2157
2166
2158
2156
2155
2158
2164
2167
2159
2155
2156
2170
2172
2157
2165
2181
2180
2151
2163
2173
2168
2167
2156
2180
2176
2160
2151
584
2173
2156
2164
2177
2179
2162
2153
2171
1308
2158
2166
2175
2181
2163
2154
2140
586
2182
585
586
2143
2142
2182
585
2182
2138
2141
2182
2142
2139
2138
1309
2183
1310
2146
2183
2148
2149
1310
2147
2144
2183
1309
2144
2145
2148
2183
2181
2175
2184
2180
2175
2174
2178
2184
2180
2184
2177
2176
2184
2178
2179
2177
584
1308
2185
2173
1308
2171
2172
2185
2173
2185
2169
2168
2185
2172
2170
2169
